
states <- c(
		F=1,
		D=0,
		T1=0,
		T2=0,
		Plasma=0,
		P2=0
)