
pars <- c(
		V1=0.1,
		kout=0,
		kin=0,
		k12=0,
		k21=0,
		k13=0,
		k31=0,
		timeout=600,
		starttime=30
		
)